3
0
4
0
255
0
0
291,1
-0.43
0.21
0.17
0.05
0.32
-0.32
0.13
-0.35
0.29
0.26
-0.19
-0.13
-0.01
0.00
-0.03
-0.01
0.01
-0.01
-0.00
-0.00
0.00
-0.00
-0.02
-0.01
0.02
-0.04
-0.05
0.14
0.10
-0.27
-0.02
0.03
-0.01
0.02
0.04
-0.01
0.18
-0.10
-0.13
-0.03
0.02
0.00
-0.01
0.00
-0.01
0.00
-0.00
0.00
0.02
0.02
-0.01
0.03
0.04
-0.13
-0.19
-0.11
0.02
-0.04
-0.01
-0.01
-0.00
-0.01
-0.12
-0.16
0.19
-0.05
0.05
-0.02
0.03
0.02
-0.01
0.02
-0.00
-0.00
0.00
-0.01
0.00
0.02
-0.05
0.00
0.18
0.04
0.01
0.25
0.05
-0.02
0.02
-0.02
-0.04
0.13
-0.02
-0.09
0.18
-0.02
-0.00
-0.01
-0.01
0.00
-0.00
0.00
0.00
-0.00
-0.01
-0.01
-0.00
0.01
-0.03
-0.04
0.13
0.12
-0.28
-0.02
0.02
-0.00
0.02
0.03
-0.02
0.19
-0.12
-0.14
-0.03
0.02
-0.01
-0.01
0.00
-0.02
0.00
0.00
0.00
0.02
0.01
-0.02
0.04
0.04
-0.14
-0.19
-0.11
0.02
-0.04
-0.01
-0.02
-0.00
-0.00
-0.12
-0.17
0.20
-0.05
0.05
-0.02
0.02
0.02
-0.01
0.02
-0.00
0.00
0.00
-0.01
0.00
0.02
-0.05
-0.01
0.18
0.05
-0.01
0.26
0.05
-0.01
0.02
-0.02
-0.03
0.13
-0.02
-0.08
0.19
-0.02
0.00
-0.02
-0.01
0.01
-0.00
0.00
-0.00
0.00
-0.01
-0.01
-0.00
0.00
-0.03
-0.03
0.12
0.12
-0.25
-0.01
0.03
-0.00
0.02
0.03
-0.01
0.19
-0.13
-0.13
-0.03
0.02
-0.00
-0.01
0.00
-0.01
-0.00
0.00
0.00
0.02
0.01
-0.01
0.05
0.04
-0.14
-0.18
-0.10
0.00
-0.04
-0.01
-0.01
-0.00
-0.00
-0.12
-0.17
0.20
-0.06
0.05
-0.02
0.02
0.02
-0.01
0.02
-0.00
-0.00
-0.00
-0.01
0.00
0.02
-0.05
-0.01
0.17
0.06
-0.02
0.24
0.05
-0.01
0.02
-0.02
-0.03
0.13
-0.01
-0.07
0.19
-0.19
-0.15
-0.08
-0.14
0.16
0.20
-0.06
0.20
0.05
-0.06
0.13
-0.02
0.10
0.34
-0.15
-0.02
-0.15
-0.16
0.14
-0.08
0.07
-0.07
-0.17
-0.11
0.03
-0.10
0.33
0.35
-0.06
-0.04
-0.06
-0.09
-0.04
-0.03
-0.04
-0.05
291,4
1,0,0,0
1,0,0,0
1,0,0,0
0,1,0,0
0,1,0,0
0,1,0,0
0,0,1,0
0,0,1,0
0,0,1,0
0,0,0,1
0,0,0,1
0,0,0,1
1,1,1,1
1,1,1,1
1,1,1,1
1,1,1,1
1,1,1,1
1,1,1,1
1,1,1,1
1,1,1,1
1,1,1,1
1,1,1,1
1,1,1,1
1,1,1,1
1,1,1,1
1,1,1,1
1,1,1,1
1,1,1,1
1,1,1,1
1,1,1,1
1,1,1,1
1,1,1,1
1,1,1,1
1,1,1,1
1,1,1,1
1,1,1,1
1,1,1,1
1,1,1,1
1,1,1,1
1,1,1,1
1,1,1,1
1,1,1,1
1,1,1,1
1,1,1,1
1,1,1,1
1,1,1,1
1,1,1,1
1,1,1,1
1,1,1,1
1,1,1,1
1,1,1,1
1,1,1,1
1,1,1,1
1,1,1,1
1,1,1,1
1,1,1,1
1,1,1,1
1,1,1,1
1,1,1,1
1,1,1,1
1,1,1,1
1,1,1,1
1,1,1,1
1,1,1,1
1,1,1,1
1,1,1,1
1,1,1,1
1,1,1,1
1,1,1,1
1,1,1,1
1,1,1,1
1,1,1,1
1,1,1,1
1,1,1,1
1,1,1,1
1,1,1,1
1,1,1,1
1,1,1,1
1,1,1,1
1,1,1,1
1,1,1,1
1,1,1,1
1,1,1,1
1,1,1,1
1,1,1,1
1,1,1,1
1,1,1,1
1,1,1,1
1,1,1,1
1,1,1,1
1,1,1,1
1,1,1,1
1,1,1,1
1,1,1,1
1,1,1,1
1,1,1,1
1,1,1,1
1,1,1,1
1,1,1,1
1,1,1,1
1,1,1,1
1,1,1,1
1,1,1,1
1,1,1,1
1,1,1,1
1,1,1,1
1,1,1,1
1,1,1,1
1,1,1,1
1,1,1,1
1,1,1,1
1,1,1,1
1,1,1,1
1,1,1,1
1,1,1,1
1,1,1,1
1,1,1,1
1,1,1,1
1,1,1,1
1,1,1,1
1,1,1,1
1,1,1,1
1,1,1,1
1,1,1,1
1,1,1,1
1,1,1,1
1,1,1,1
1,1,1,1
1,1,1,1
1,1,1,1
1,1,1,1
1,1,1,1
1,1,1,1
1,1,1,1
1,1,1,1
1,1,1,1
1,1,1,1
1,1,1,1
1,1,1,1
1,1,1,1
1,1,1,1
1,1,1,1
1,1,1,1
1,1,1,1
1,1,1,1
1,1,1,1
1,1,1,1
1,1,1,1
1,1,1,1
1,1,1,1
1,1,1,1
1,1,1,1
1,1,1,1
1,1,1,1
1,1,1,1
1,1,1,1
1,1,1,1
1,1,1,1
1,1,1,1
1,1,1,1
1,1,1,1
1,1,1,1
1,1,1,1
1,1,1,1
1,1,1,1
1,1,1,1
1,1,1,1
1,1,1,1
1,1,1,1
1,1,1,1
1,1,1,1
1,1,1,1
1,1,1,1
1,1,1,1
1,1,1,1
1,1,1,1
1,1,1,1
1,1,1,1
1,1,1,1
1,1,1,1
1,1,1,1
1,1,1,1
1,1,1,1
1,1,1,1
1,1,1,1
1,1,1,1
1,1,1,1
1,1,1,1
1,1,1,1
1,1,1,1
1,1,1,1
1,1,1,1
1,1,1,1
1,1,1,1
1,1,1,1
1,1,1,1
1,1,1,1
1,1,1,1
1,1,1,1
1,1,1,1
1,1,1,1
1,1,1,1
1,1,1,1
1,1,1,1
1,1,1,1
1,1,1,1
1,1,1,1
1,1,1,1
1,1,1,1
1,1,1,1
1,1,1,1
1,1,1,1
1,1,1,1
1,1,1,1
1,1,1,1
1,1,1,1
1,1,1,1
1,1,1,1
1,1,1,1
1,1,1,1
1,1,1,1
1,1,1,1
1,1,1,1
1,1,1,1
1,1,1,1
1,1,1,1
1,1,1,1
1,1,1,1
1,1,1,1
1,1,1,1
1,1,1,1
1,1,1,1
1,1,1,1
1,1,1,1
1,1,1,1
1,1,1,1
1,1,1,1
1,1,1,1
1,1,1,1
1,1,1,1
1,1,1,1
1,1,1,1
1,1,1,1
1,1,1,1
1,1,1,1
1,1,1,1
1,1,1,1
1,1,1,1
1,1,1,1
1,1,1,1
1,1,1,1
1,1,1,1
1,1,1,1
1,1,1,1
1,1,1,1
1,0,0,0
1,0,0,0
1,0,0,0
1,0,0,0
1,0,0,0
1,0,0,0
1,0,0,0
1,0,0,0
1,0,0,0
0,1,0,0
0,1,0,0
0,1,0,0
0,1,0,0
0,1,0,0
0,1,0,0
0,1,0,0
0,1,0,0
0,1,0,0
0,0,1,0
0,0,1,0
0,0,1,0
0,0,1,0
0,0,1,0
0,0,1,0
0,0,1,0
0,0,1,0
0,0,1,0
0,0,0,1
0,0,0,1
0,0,0,1
0,0,0,1
0,0,0,1
0,0,0,1
0,0,0,1
0,0,0,1
0,0,0,1
