3
0
3
0
84
0
0
108,1
-0.18
0.63
0.55
0.54
0.29
-1.72
0.25
-0.74
1.03
-0.55
-0.29
0.56
0.65
-0.99
0.33
0.78
0.25
0.64
0.32
-0.36
-0.07
-0.03
0.88
-0.65
0.94
-0.39
-0.92
-0.24
0.80
-1.17
-0.62
-0.62
0.82
0.79
0.67
-0.05
0.81
0.57
0.23
0.45
-0.97
0.94
0.07
0.69
0.97
-0.52
0.50
0.17
-0.85
0.16
0.74
-0.10
-0.98
-0.22
0.00
0.95
0.45
0.15
-0.30
0.42
0.18
0.33
0.55
-0.18
0.05
0.18
1.09
-0.17
-0.46
-0.16
-1.50
-0.51
-0.12
0.47
-0.50
-0.15
1.04
1.12
-0.77
-1.25
-0.10
1.20
0.00
0.30
-0.48
0.96
0.06
1.11
0.08
0.93
0.98
-0.75
-0.63
-0.23
0.08
-0.84
0.24
-0.18
0.03
-1.50
0.76
0.98
0.40
-0.33
-0.15
1.45
0.52
-0.42
108,3
1,0,0
1,0,0
1,0,0
0,1,0
0,1,0
0,1,0
0,0,1
0,0,1
0,0,1
1,1,1
1,1,1
1,1,1
1,1,1
1,1,1
1,1,1
1,1,1
1,1,1
1,1,1
1,1,1
1,1,1
1,1,1
1,1,1
1,1,1
1,1,1
1,1,1
1,1,1
1,1,1
1,1,1
1,1,1
1,1,1
1,1,1
1,1,1
1,1,1
1,1,1
1,1,1
1,1,1
1,1,1
1,1,1
1,1,1
1,1,1
1,1,1
1,1,1
1,1,1
1,1,1
1,1,1
1,1,1
1,1,1
1,1,1
1,1,1
1,1,1
1,1,1
1,1,1
1,1,1
1,1,1
1,1,1
1,1,1
1,1,1
1,1,1
1,1,1
1,1,1
1,1,1
1,1,1
1,1,1
1,1,1
1,1,1
1,1,1
1,1,1
1,1,1
1,1,1
1,1,1
1,1,1
1,1,1
1,1,1
1,1,1
1,1,1
1,1,1
1,1,1
1,1,1
1,1,1
1,1,1
1,1,1
1,0,0
1,0,0
1,0,0
1,0,0
1,0,0
1,0,0
1,0,0
1,0,0
1,0,0
0,1,0
0,1,0
0,1,0
0,1,0
0,1,0
0,1,0
0,1,0
0,1,0
0,1,0
0,0,1
0,0,1
0,0,1
0,0,1
0,0,1
0,0,1
0,0,1
0,0,1
0,0,1
