3
0
4
0
84
0
0
120,1
307.15
-2.55
21.38
443.49
-5.33
-23.37
184.71
-3.20
0.36
-915.56
-4.58
-0.35
-1.84
-1.22
-15.70
-2.69
-7.36
-26.57
-9.96
-1.50
-13.82
-12.27
-11.24
-20.59
1.78
8.19
-16.97
7.72
-1.64
-15.07
10.30
-7.78
-26.01
11.60
-2.21
-41.12
-0.12
1.78
10.20
0.35
4.38
19.23
5.35
2.62
9.60
9.58
12.30
12.95
1.24
9.44
3.25
-7.29
2.19
10.59
-9.27
6.90
21.21
-10.32
10.73
30.90
2.32
0.81
5.32
1.58
2.10
8.47
5.31
-0.07
5.17
1.67
-0.13
6.89
-2.03
-18.63
15.67
-0.85
0.63
3.81
-0.52
0.40
6.40
-0.13
-8.57
10.71
-294.79
0.14
21.43
-0.29
-1.34
-0.67
21.95
-0.75
0.15
-433.33
-14.99
-25.92
-15.29
8.07
0.64
-24.63
1.66
-0.07
-170.47
-1.10
-0.13
0.09
-2.07
0.42
0.43
-1.18
-1.00
939.41
-0.90
0.46
-0.82
-3.42
-0.06
-0.89
0.27
-0.65
120,4
1,0,0,0
1,0,0,0
1,0,0,0
0,1,0,0
0,1,0,0
0,1,0,0
0,0,1,0
0,0,1,0
0,0,1,0
0,0,0,1
0,0,0,1
0,0,0,1
1,1,1,1
1,1,1,1
1,1,1,1
1,1,1,1
1,1,1,1
1,1,1,1
1,1,1,1
1,1,1,1
1,1,1,1
1,1,1,1
1,1,1,1
1,1,1,1
1,1,1,1
1,1,1,1
1,1,1,1
1,1,1,1
1,1,1,1
1,1,1,1
1,1,1,1
1,1,1,1
1,1,1,1
1,1,1,1
1,1,1,1
1,1,1,1
1,1,1,1
1,1,1,1
1,1,1,1
1,1,1,1
1,1,1,1
1,1,1,1
1,1,1,1
1,1,1,1
1,1,1,1
1,1,1,1
1,1,1,1
1,1,1,1
1,1,1,1
1,1,1,1
1,1,1,1
1,1,1,1
1,1,1,1
1,1,1,1
1,1,1,1
1,1,1,1
1,1,1,1
1,1,1,1
1,1,1,1
1,1,1,1
1,1,1,1
1,1,1,1
1,1,1,1
1,1,1,1
1,1,1,1
1,1,1,1
1,1,1,1
1,1,1,1
1,1,1,1
1,1,1,1
1,1,1,1
1,1,1,1
1,1,1,1
1,1,1,1
1,1,1,1
1,1,1,1
1,1,1,1
1,1,1,1
1,1,1,1
1,1,1,1
1,1,1,1
1,1,1,1
1,1,1,1
1,1,1,1
1,0,0,0
1,0,0,0
1,0,0,0
1,0,0,0
1,0,0,0
1,0,0,0
1,0,0,0
1,0,0,0
1,0,0,0
0,1,0,0
0,1,0,0
0,1,0,0
0,1,0,0
0,1,0,0
0,1,0,0
0,1,0,0
0,1,0,0
0,1,0,0
0,0,1,0
0,0,1,0
0,0,1,0
0,0,1,0
0,0,1,0
0,0,1,0
0,0,1,0
0,0,1,0
0,0,1,0
0,0,0,1
0,0,0,1
0,0,0,1
0,0,0,1
0,0,0,1
0,0,0,1
0,0,0,1
0,0,0,1
0,0,0,1
